АВС/ DEF,От,До,Емкость,Оператор,Регион
900,0000000,0061999,62000,ООО "Т2 Мобайл",Краснодарский край
900,0062000,0062999,1000,ООО "Т2 Мобайл",Ростовская обл.
900,0063000,0099999,37000,ООО "Т2 Мобайл",Краснодарский край
900,0100000,0199999,100000,ООО "Т2 Мобайл",Тверская обл.
900,0200000,0299999,100000,ООО "Т2 Мобайл",Челябинская обл.
900,0300000,0499999,200000,ООО "ЕКАТЕРИНБУРГ-2000",Свердловская обл.
900,0500000,0599999,100000,ООО "Т2 Мобайл",Кемеровская обл.
900,0600000,0999999,400000,ООО "Т2 Мобайл",Челябинская обл.
900,1000000,1099999,100000,ООО "Т2 Мобайл",Кемеровская обл.
